24448713
11585263
8595874
6682302
6056363
5421947
5255027
5182467
4461469
4051395
4241938
4246662
3927786
4049462
3977171
3751805
3517158
3400867
3611974
3660983
3605833
3885538
4062106
4202123
3734542
3461046
3642451
3788087
3807417
3524501
3792128
4035814
3683950
3708420
3508451
3831416
3819019
3622942
4052661
4454252
4183441
3976217
4125231
4346301
4303471
4152969
4758455
4849708
4663465
4811636
4948848
4839877
4971483
5282714
4271589
4712838
4967081
5132813
4958137
5506179
5291583
5185242
5410645
5394531
4882531
5735281
5726555
5386278
5223833
5601724
5263115
5564402
5116689
4893501
5210506
5205703
5078922
5095772
4757135
4250210
3893641
3307496
3896379
3813763
3964716
4077532
3732054
3668541
3713804
3813694
3750245
3652445
3525293
3808814
4035150
3595420
3623016
3727972
3682195
3758799
3526035
3637166