941729
328391
288230
277024
321708
259094
257318
279213
252516
294934
309604
332585
279346
384834
317068
329098
356063
333134
371834
327095
337812
306282
317575
309144
307892
340110
291886
279087
303307
352943
282394
272665
273812
291571
305575
268993
308316
262272
277847
261888
312034
270994
270414
255848
264946
265358
262861
260908
253109
267929
245376
246057
238740
216048
188262
185415
182863
188256
189889
179866
180718
181917
190866
202722
199528
183730
185096
232428
183416
180701
230065
186629
178785
167741
176358
172695
160191
177873
171188
157226
176072
180787
150242
148861
174923
180571
131930
172519
174957
168521
157270
172632
173476
144894
133367
169241
165469
133978
135389
166379
155654
118128
140341
121774
160298
148433
111714
155790
132144
150044
136123
115367
152263
118059
156842
98138
154221
124182
148898
131924
114332
109866
147721
112202
133089
111819
114319
132743
106325
127013
120124
104556
141232
112986
133296
115894
120109
133025
121801
142872
108196
137756
107161
130287
113115
102144
121095
118441
105675
96846
116662
125068
105238
151232
94424
87586
101674
129723
107965
98680
107326
107716
101416
105271
98817
121750
94031
95266
94211
100376
102101
128665
95565
101457
96703
106528
134149
96408
85579
94825
103157
132986
104450
91403
90629
85391
125051
115359
100227
89891
83182
97706
137852
102366
100669
94943
81695
126132
111420
97965
91287
92614
91610
81671
126217
111163
96040
88404
82232
93361
98012
122885
108233
88477
79768
92101
95140
95824
145986
88633
86739
80271
88636
98164
96812
94676
87093
79228
116337
117327
100911
95021
87333
81094
92908
91684
104478
119522
88437
73972
52616
94961
102054
99347
96201
88361
81637
80636
83231
52558
78379
81289
86895
86583
87357
89610
89700
78177
74411
86150
82635
76644
74785
73091
58425
81027
84793
86308
81734
78335
71716
67029
96106
82335
79345
79622
59492
71540
81228
82801
83287
82924
98079
71064
65791
50280
85276
85710
84752
84781
83118
71799
62663
47662
82762
81101
80338
79280
78280
67482
52423
71484
77453
75738
58371
53888
78387
76083
50518
52223
62763
41134
75822
81373
81975
80835
77262
64985
48481
69671
69865
64732
58430
78837
80992
79199
68783
54851
59409
79548
78162
72859
63621
62507
79828
74612
67629
49327
66088
78092
75269
69886
51155
70188
70803
63017
42391
77913
77580
69522
68796
51427
71967
64619
44334
66089
68378
52867
61962
75885
67347
49457
66211
73779
66478
40064
73649
71334
54179
50604
70739
62087
45963
70900
62837
37858
75761
72145
69374
54659
76168
82638
73889
61998
37430
81640
82271
87599
81905
82131
68042
43608
64190
77825
73728
61658
65453
79922
81955
70539
56228
44073
80339
80094
62447
40348
79131
74005
60432
46988
72286
63825
43614
64998
54581
39449
75203
60510
47894
66807
34301
54118
63349
44171
77680
79785
79539
73992
53249
54794
61659
31332
78200
76544
66441
43947
74414
74296
52270
44834
54099
31538
71508
50664
57121
75820
70523
47394
65196
68642
46167
47258
66352
40624
74751
77807
73036
54622
56487
66038
33525
57467
51693
49433
76277
67628
41632
71842
77674
59111
38157
58880
29664
76899
74838
63341
45976
78004
76323
58202
42281
62710
32866
74080
76777
71624
48173
68425
79447
67101
47927
53166
74429
61810
49599
76216
76189
67660
45654
65849
52064
38325
72033
46738
57320
75310
69038
40081
74743
65985
37051
59442
64583
40852
75750
76128
76892
44783
64990
67847
47759
50548
57238
34409
69424
43763
56809
66320
34059
68865
57715
38036
60521
32590
69356
58570
38396
68793
45328
52004
59390
33526
64236
39818
55805
52105
46699
67023
44348
55679
62806
36083
68018
54045
43235
63375
34299
65621
53804
41478
63625
37739
65492
63539
48895
65688
68140
52995
48662
64315
32437
67733
54506
41455
62426
34582
66703
51194
41410
62429
33803
69090
51482
45791
64751
30686
65283
42883
50327
51582
37323
60032
30066
68029
34304
67523
68852
34002
69722
60600
33447
59181
27140
70480
53080
45426
68840
26363
71958
67312
32419
63183
34687
54659
45215
53464
73699
57662
44951
75435
66884
33862
65805
48790
46193
55953
35233
57682
30563
56401
28678
68918
40021
63005
58987
31325
57589
27318
72549
22915
71334
65233
30621
74095
68194
34674
64216
38050
49714
54178
45553
74909
67244
36815
66494
51971
48509
84418
54129
33649
60542
29117
72331
65825
39178
74470
75545
55147
41512
55995
31580
71007
51610
52819
75298
65263
38359
74294
61488
32327
58829
23285
49366
38685
71677
45071
54998
69975
35867
63134
47016
36102
28704
52537
38421
58421
58459
30993
72852
55656
46010
74258
53565
39665
51574
32610
60472
34429
72373
52830
42795
68223
35040
68675
58277
32096
56143
29176
72575
53676
48181
75500
66696
38628
74160
62219
31903
60912
19631
39943
37476
18788
71335
68061
35376
72906
73132
47717
47733
49859
36782
65522
34043
74791
71381
47942
59306
74865
54695
39361
48729
35519
65757
35904
73612
73134
56288
48475
74564
53046
39806
56817
31074
69514
45649
59007
75354
65102
41967
74836
66235
32923
61593
48398
52650
73963
54820
39541
33837
48574
40671
46809
47242
43192
56262
33859
61240
34284
66673
58405
39421
59480
25817
37944
35553
28386
61331
46426
41658
47820
39719
50947
36891
52780
35940
59642
31494
69437
57072
37915
46643
39736
49108
34819
50660
44346
72357
52125
49002
70542
29569
59608
26477
52913
22116
69005
27915
69431
66067
28750
68980
39205
57391
54822
31822
49678
30729
44640
47607
66250
30007
69625
50928
41944
63635
29185
57954
25918
47210
28039
22857
63189
29669
59781
42691
45119
48135
40984
59219
32811
56759
26886
48486
28420
28830
59449
42310
46026
48036
40079
41152
34399
18910
62024
25374
54861
25586
37127
33473
19598
60852
24925
62900
25661
67814
26490
64159
36954
54130
48464
36345
33420
44335
22417
63115
18612
61735
26795
64860
26651
66191
37551
52526
38425
43268
24062
54486
22975
65397
26065
65922
28054
61156
30243
58084
48668
41443
47552
35021
31727
44714
21085
63991
25407
61426
22253
62288
24969
63467
25370
63284
24344
54640
24230
50779
28711
47078
38902
43100
42050
38994
45694
31707
53839
33269
53524
30058
51661
24276
55962
24373
55410
25347
53674
31020
50603
33588
44020
38224
25281
56489
23470
55826
24613
52955
27511
49837
33254
42526
39659
24205
55831
19651
47135
26861
18421
53580
24254
47452
31949
27209
47098
21460
54960
26359
45850
35390
29619
53287
26033
62259
43236
48132
46461
34890
21287
50108
21866
56975
32009
68119
25934
70586
51799
41799
68399
27567
58947
23113
51360
24654
44047
45689
62317
28192
67781
25404
69799
42476
49440
47295
34195
25223
47505
20938
62409
26113
67391
23444
69582
24467
52970
22479
63433
24361
55737
27379
51669
30931
49192
33416
38465
40618
19591
48954
23418
19349
66289
29730
59424
34262
42819
20434
47904
24462
20198
65445
25507
64493
46157
44438
62889
28672
67427
23509
56931
24787
49225
26468
27559
60313
46279
43615
60269
29503
63531
25900
66997
23492
55093
24429
45011
27526
17596
65081
22459
67582
24400
67185
46335
45748
64213
28165
55650
25967
44583
30130
18499
67391
22021
67853
32054
58621
48809
41530
60641
28547
49895
29700
25755
44588
19934
53542
32331
55403
32148
57964
28638
58735
29209
65076
25216
54299
26023
43721
30471
16114
63684
23295
67178
23505
67898
26140
65772
51148
39491
46950
32996
21723
50270
21364
56334
31180
61266
27228
65551
24242
68431
26929
65532
39509
41752
21987
51786
23961
61657
27488
66203
27959
67776
42235
49099
60116
32358
55828
27204
43654
30981
20643
67493
32265
59290
45337
40937
37655
50360
57256
32213
49372
32777
38921
36881
19392
63816
22313
65526
22637
64835
22427
66527
24700
66153
38048
46430
24499
53198
22841
48674
27841
28928
59673
41523
40722
24998
57495
22415
60817
23185
55205
25230
47432
30005
35762
48921
29066
55531
22838
58481
21895
58699
23829
53831
29715
46264
33931
25042
48202
21528
49782
31165
37476
43765
25199
57379
22212
57191
24225
55675
28466
50112
31835
41799
35798
20002
56564
23317
50072
30090
37591
40821
21826
54252
24683
55193
30378
56748
31006
57265
27955
54101
28617
47739
35046
36035
45643
22330
58613
22130
57244
25544
51049
29817
41502
36449
21065
58848
22192
55701
27210
51968
31050
45827
37698
38123
44435
23969
53167
23073
50320
26559
35718
45583
19486
56500
21167
55002
30749
59513
28178
60749
26866
51972
28401
35615
37953
19409
62379
23872
63791
22975
63909
22392
61581
22454
58916
28062
50235
29229
27531
43075
20562
54500
30429
51254
34775
50893
35662
54112
33406
56244
30784
46503
35909
42846
39171
24376
50850
21318
63563
25662
66974
22929
53311
23340
50867
36462
48582
32176
24195
48744
20513
60287
27294
63226
25239
65338
23552
67906
21184
66461
22608
55801
22242
46222
27186
17200
65224
20832
67006
21422
67900
24756
63814
31748
56903
38327
40858
19532
50276
25295
34194
39274
19500
65009
23376
66272
23462
67820
23045
65524
26588
53299
20585
50246
24048
26620
60051
42267
46923
54191
34818
60824
28173
64801
24585
55070
25469
42550
30703
17038
62663
22630
64466
23806
67899
23797
69132
33099
56003
26147
46912
19115
10879
43003
20547
11973
23134
54943
22296
64279
23354
51629
20349
61187
25997
66115
23772
54848
24862
39330
32055
17902
58229
26043
59295
28484
61704
25518
59123
23418
38950
45810
38429
39280
18916
48875
23720
20773
63801
22060
65886
29885
58726
44933
44348
57498
32542
50590
29553
24163
46996
21351
55914
27746
29572
40501
19222
60833
26377
63582
24421
66446
23185
54779
25073
44085
30458
19527
67812
23296
66938
45938
45740
64382
28036
68018
25229
56255
22958
49795
25875
32671
56414
56756
34145
64753
26239
69201
28559
64671
45952
36464
21198
51431
22266
59857
28005
63057
24700
60190
23384
52604
32522
54359
34020
49749
31006
26017
47302
20090
59149
26794
59604
27145
58111
27945
47638
30596
16535
52688
23330
22757
44801
20560
41573
34548
19589
57366
23479
53375
28305
50600
32790
44903
37299
23851
49380
21450
6004
34932
24274
18631
26723
46880
20119
50047
25106
21222
51046
21300
45174
30949
17986
53852
23833
51285
31181
36804
41161
20572
53244
23831
40196
32353
18182
63044
23265
66272
23317
67619
23715
66486
21914
53491
21928
45054
26486
16950
63866
21893
65034
21254
64428
21525
63517
22509
63519
24286
52380
25687
26189
43402
19041
49845
34571
43651
41590
44243
42039
36002
48383
21870
60685
18902
51408
23023
20357
44898
19865
19547
60260
17044
59817
21885
51509
29509
22859
55844
16332
58467
23810
40226
31671
17680
42420
25150
16545
43910
34321
16931
59497
19106
53289
27901
34505
45858
17680
49263
22328
15442
48058
23266
16763
48381
22137
12968
51498
20097
10814
51035
27893
28507
51807
18791
59638
20410
53536
27162
28946
43823
19355
42088
27933
16732
55694
25965
37277
40038
13222
52998
28096
37887
43453
22350
58756
19484
51291
25012
23145
46143
19953
44633
36466
20539
58521
18852
59564
22844
49886
30135
22375
57850
19020
51836
23899
23326
43821
19626
32137
46261
17403
58572
22019
45812
31112
15309
56314
22481
43768
52125
67936
53852
33159
48875
40465
50915
36009
50616
34863
40233
42101
22206
56618
20967
48174
26158
17969
47590
21706
15507
45277
21062
14792
43012
30747
16266
50396
25035
19796
52138
20922
44098
29141
16899
47222
26003
17468
48610
22350
17708
52328
21597
38120
34188
18228
49493
26411
17532
50350
22197
15508
47002
21600
15053
48179
23713
16948
47151
21394
14522
51625
23702
33068
41080
19201
54070
25136
36093
42718
21340
61474
19440
49238
24967
16302
47591
22744
17953
64245
20379
66174
21941
66052
21343
65681
24157
63686
23928
50369
20994
40452
28001
17493
56813
28088
58243
28983
58278
27497
58245
28723
56664
29205
43228
30035
16818
41979
25918
16003
55861
28313
52425
33749
51983
33530
40400
44008
29792
43887
19729
44301
28781
16159
44757
24020
16013
54372
25950
35761
37711
18835
46130
27737
15069
45714
23235
17566
58392
22019
38094
31204
17191
26463
36676
18717
19580
61826
16871
64625
18425
63101
21239
59798
24584
51910
32947
38701
34412
17525
40888
26616
16733
51355
31636
42399
42056
34893
50562
33409
52015
28523
57021
18372
52014
21497
23197
40042
19477
17694
62942
16189
62585
21451
61485
23981
57676
26573
53272
31094
26264
43071
19434
28366
34199
18044
14481
61281
18673
58466
25531
46362
37042
38048
46220
25584
58219
16178
49702
24032
16786
45503
20907
13675
60273
20558
51497
32401
44719
39424
28596
54587
17883
64032
17707
46123
26560
16455
46450
22210
15111
63187
20006
62177
23393
60237
25998
60672
25470
59853
26097
40925
32841
17568
44709
23506
15038
58744
25020
54482
31210
52213
33754
51742
34169
49940
35927
38583
36465
18622
46448
25424
17140
66304
20177
67217
22362
66673
29254
59838
31859
54345
27540
48020
20195
42842
27471
16360
59653
23957
56025
29600
56289
29121
41806
38314
15089
63584
20543
51816
25730
22186
44073
20395
35925
47606
29673
57561
32770
52586
29856
55594
23610
61431
23237
51861
22230
44038
29672
17591
47853
23153
15401
57225
20672
39010
38617
16162
56527
23256
44830
36182
23549
50858
20276
41697
29519
17393
56706
24919
49117
33804
43084
39936
25441
55265
20846
58136
23245
50281
29110
26827
45626
19475
46321
31792
20060
54937
19553
46516
32053
20381
55461
21425
53733
27036
40288
35840
19271
49457
25531
27842
48779
19903
55254
24480
41271
36657
19760
53698
24341
54301
30568
54442
32016
54034
30552
49623
33030
40352
40175
21593
56199
22692
55025
26974
48693
32233
22788
52033
22022
51210
26950
40437
40962
20666
57929
21835
56758
25778
52206
30444
41411
39998
24863
52932
21991
50394
26156
37009
44648
22257
59476
19759
56042
22864
46259
37547
46582
39144
29815
42558
20167
42205
29793
17264
62950
22780
65827
23466
67551
22916
67022
29933
58075
25458
52584
21599
51037
24648
38659
45564
32804
54668
45815
43278
54545
34414
61688
27220
53026
28404
39044
37050
19319
51337
23762
32191
52384
32031
45823
19164
64778
23155
55915
25147
46235
32164
22097
51340
21017
59466
28232
67276
24398
68973
26100
65593
47752
41434
41707
37182
18857
51355
22950
46718
40365
54966
34022
62353
26465
68000
24055
68859
27800
54863
21915
53916
23368
37576
32260
17741
58308
28248
64839
25649
69058
24969
66596
22510
52829
20348
43862
28877
17071
67095
21183
69175
29012
62659
49545
39863
59273
29831
47004
30586
18750
51270
21628
48444
37029
49082
38602
58797
31004
66192
24198
69034
18905
54484
23997
37996
32246
17026
26617
47098
12412
26798
54212
38229
50443
43369
34927
17928
67147
20603
55929
22670
40248
30294
17498
60100
25784
63761
24421
66030
23352
69690
19997
63489
15469
47092
32876
25299
48256
19673
64607
24356
69790
27361
66772
56434
35366
65850
24964
55476
25034
42181
31579
18251
68142
22328
68407
20871
55149
21044
66318
25822
69745
31326
51286
21911
54156
22777
60865
27999
66988
24236
68780
27358
65219
59325
33344
55026
27542
36417
36490
19419
66553
24228
69632
35411
55553
56645
33755
63017
27967
56768
26456
48287
27875
20655
66238
30361
60025
54606
36031
63398
27049
68760
25528
58589
23477
53873
23216
55544
32228
60678
28776
65402
24873
65409
23303
57965
22191
42524
30075
15640
42306
26670
14939
50975
31129
41753
38843
20722
56369
23327
55714
26885
54423
29525
43862
30453
14136
10307
37544
22482
16948
47721
30096
21431
51401
20521
44772
30431
17944
55829
23877
50872
30168
25322
49288
20546
52857
26215
36136
37884
18496
62255
24504
66692
24645
69477
30609
59213
37290
42111
18902
50530
23359
24349
61420
38125
51284
55723
33601
61058
27814
64274
24248
53679
25260
26175
43739
19343
53410
31370
52794
34422
57788
29981
62166
26924
64853
23193
52651
25366
28962
41392
19467
53656
30453
47070
36860
30098
52446
20368
61974
19309
60891
20708
45153
29822
17248
47933
23135
15769
58485
21134
49690
31051
27560
53856
19322
62133
19958
59992
22579
43715
30692
16929
48387
24249
18710
61788
15921
36601
32844
13105
15258
58424
19077
59321
23811
58037
26767
45218
31625
18648
48647
22457
22154
59327
19962
61937
19717
55973
21660
14187
59002
20725
58172
24932
41692
32201
18020
47120
24555
17713
61781
21169
61472
23237
58185
23752
46536
36406
38902
43555
17399
50279
23326
19854
47081
20389
27435
50140
17720
58618
22945
51070
29583
27286
52987
18156
55991
20741
18858
48391
20938
34153
36723
17021
48445
31609
26359
53585
18124
56265
22564
38554
40073
18682
58127
20666
43308
29146
16637
47180
25281
17086
58637
21826
46261
28582
16846
57321
22645
50179
30106
26812
50214
19484
50199
25825
18090
49514
21194
33036
43206
18384
54169
25235
43052
35168
18615
55436
23494
48665
29420
20539
49268
22271
14207
44745
21389
14221
53376
24087
39548
33756
17529
48237
29315
22258
55116
21067
56474
24848
44919
32048
19169
50592
21527
35003
49220
34490
53860
41227
45670
47076
41900
61168
28588
49503
28216
18269
49327
21573
35084
51331
49435
39566
60365
29399
66684
23176
67544
21453
54624
23327
40539
28436
17267
52544
32697
56151
32254
61457
26829
65084
22887
65185
22274
53077
26044
33354
38981
18810
40099
28048
16757
43947
35435
18056
59478
18949
47163
27385
16468
49044
24558
15806
49005
22086
17155
46726
20154
15881
66241
18193
67968
19799
66523
19378
67669
21188
66850
24513
53609
19866
44891
26629
15458
61167
22713
57029
28288
56570
29942
57201
29669
59433
27671
47338
29955
16852
47644
22252
16634
63579
19075
65363
20722
64628
18753
57565
27137
56405
29373
44390
32356
16811
48942
23291
19593
65449
22562
64509
21997
64907
23556
62953
19204
62892
17146
49371
26035
18645
46815
20523
16166
64523
18141
66646
18892
63901
20935
64727
21343
65521
20476
47891
26606
14174
45093
24436
15204
63423
22200
64231
21990
63372
22904
65616
22437
65846
21278
51492
24528
17887
47922
20936
17278
63199
16756
60268
20677
55276
29073
49796
35341
45258
40651
33594
41210
20457
48410
24316
17147
65543
18543
69192
29656
62370
52929
37801
62532
27067
50961
28120
21676
46581
19873
41501
43709
47313
39920
45969
40374
50533
37482
55551
32552
37068
33691
16825
37532
30878
18085
57432
27508
56854
29510
58010
28862
58374
28139
57114
29172
45464
32522
17927
51364
23327
36130
34185
19045
58516
27646
60049
26966
60660
25424
56465
29506
47335
31045
18346
49447
21878
31275
49189
19622
59419
21143
55494
26425
48013
33847
38004
43822
19831
53881
24141
45425
28375
17125
57380
23505
49087
31257
19520
54418
19978
47388
30180
17440
54503
22308
43632
31851
19099
49278
23298
19694
53405
19461
44812
31677
15725
51175
24195
17080
50019
22237
36852
38395
20485
54884
25143
52113
28548
40573
38168
20232
54220
23958
44090
31460
17559
53803
24233
43002
35183
18970
51927
24410
41936
32598
17969
56269
24399
47828
32133
23200
55159
20179
55395
23866
43614
35874
20718
52478
23179
45170
28873
17441
57429
22986
49055
30941
26403
53012
19225
59263
21867
36125
34977
15209
38624
33228
18196
47484
25161
17416
63606
20126
66274
22249
66148
22209
66070
21794
64605
21266
52766
22913
38356
30315
17167
47977
35032
38726
44722
23703
61077
23579
61962
21254
64276
18862
53378
23395
41201
32297
18004
47516
24642
15440
63107
21087
63975
22041
64833
22303
65742
21311
52543
25540
23906
44115
19079
37769
45954
35449
51501
41606
46169
51217
36914
56311
31919
45363
32377
17546
47113
20499
12304
50175
30156
30915
51847
19561
62231
17132
62136
20810
55364
27974
32081
38670
19314
46716
29245
18493
51238
21153
26089
55445
16077
64048
18607
65323
22320
67153
21997
54436
23220
39216
31075
17970
57493
28190
61954
26560
64757
23160
66392
21757
65618
20860
54257
24636
38100
33623
17702
60437
25590
59052
27051
62764
25795
67043
22310
67533
21987
55481
22318
42824
28682
16573
57601
26311
51176
32499
12886
55822
16214
8369
58477
25833
62657
24110
47243
29953
17936
51262
20682
36002
48472
37861
49829
45266
42593
47574
39664
54101
35525
48450
30785
17029
45071
19955
11694
46370
36158
52633
36375
63765
27085
70091
27795
66543
49377
33621
20411
51237
21329
57908
31607
67716
21473
65872
20435
66881
20387
54783
25165
44058
34780
20171
51280
21725
55345
33392
65898
25660
69932
23797
66869
48453
42710
47534
32941
22947
50310
21130
60671
27565
67545
24171
69073
37652
55055
59632
32102
54081
27148
37907
35150
18899
64107
24691
69322
25785
65967
46413
44928
61929
29112
55063
26491
39651
34278
18961
65351
22642
65999
23214
66857
18669
64166
20343
64754
22075
55457
24664
43433
32250
15977
44360
25137
13612
36841
34544
15244
48799
31426
32039
45630
19398
53538
25575
42956
34937
22084
52976
22150
42014
28195
16079
5797
33929
23246
18519
18355
51108
21770
44340
29855
17599
53692
24593
37789
35899
18880
50188
24467
18058
58486
20488
63066
22870
63630
23496
66470
23212
67864
22750
56562
21702
50055
26272
19825
48771
19731
29959
56197
50764
39301
61605
28922
66847
23369
56399
23473
43713
28953
16982
63610
23194
64993
22915
65580
22879
66445
22633
65655
22922
53906
21860
44751
28068
16282
62669
22423
64180
22969
62114
22154
50537
29535
21670
57878
18855
51360
22977
17663
47510
19912
16329
60429
19057
59691
24371
54214
28181
43926
38869
25948
57864
20279
53599
22326
42015
32210
17320
49936
24202
20485
61144
21638
62806
16669
42254
28721
12221
27206
49321
18815
53645
23397
41184
30519
17796
58190
25341
51513
31623
44189
40198
40791
44895
30300
49809
15066
47966
28767
19986
49767
21220
45814
38499
49623
37632
48337
36724
42436
42871
27010
55380
20101
53381
22022
34825
33236
18059
48861
35302
46861
38272
44359
40191
35011
48848
23078
59357
18691
48836
23477
12267
39788
25026
16804
41650
37134
18740
59590
20033
55785
24995
31355
45593
16027
56167
24520
36242
33950
19238
43603
27815
16115
54944
24593
33571
46818
19213
52015
22250
35950
43101
20553
58636
20729
48541
27139
18563
50404
21483
26565
49061
19830
55042
24995
46386
32751
19920
53835
21635
47951
30393
19922
51449
22240
41085
29258
17113
32784
38084
16913
50572
27365
19847
53037
20476
44654
31191
17869
55144
22539
41179
29430
17313
38296
28850
18040
51600
32268
51370
35496
55166
33741
62855
27171
69150
24178
56687
21252
46582
25738
16331
65254
21751
69372
25576
65757
46168
48586
64950
23953
54100
24587
31298
37468
18785
47483
39130
57157
31791
61813
25268
62879
24878
64349
22831
52750
26693
28481
42930
19725
42889
27659
16551
50418
28871
13996
60481
19543
53211
29377
43751
34887
18411
52658
23103
26062
41459
19615
36218
32277
17536
48340
37770
58511
30097
62063
25627
61783
24329
45818
28283
16648
45631
23697
14787
62478
22524
62550
24011
64720
23692
66252
21464
67874
21192
54880
23019
40926
28796
17245
52589
31601
50099
35878
52072
34689
53220
33061
47414
38354
42352
34491
18474
48609
23444
17641
66170
22651
66795
29028
59198
60406
30273
53756
31415
25899
44240
19444
40125
27487
17108
44787
38783
39356
46759
44973
42594
46034
39467
44686
41602
37393
37909
17644
41528
27078
16082
49276
32796
42220
43139
40589
44159
25400
59967
27925
58711
22684
51053
21135
41506
28596
16450
55977
28618
50831
33197
43540
40682
41230
44283
34495
50790
24337
49780
21025
43632
27094
15852
59158
26486
61508
25635
60818
24673
57653
28260
58782
27612
47502
29882
18009
48710
22330
18526
62964
22202
65573
26524
59992
21882
62728
20601
64571
20438
53883
23397
24575
38902
18762
16084
63213
19650
65710
20903
64818
21465
65555
23060
65785
21745
53792
22677
44431
31172
18652
49539
22026
18558
63149
22436
64889
25653
61181
25417
60774
20697
53669
22496
43327
29168
16278
56900
25383
49658
32658
41176
41551
25807
56721
21817
59395
22344
54382
26641
44828
31640
18070
58342
22059
51832
30093
41023
39148
15438
53847
24548
38517
38735
18077
52346
24913
36591
35248
17928
47349
31620
20140
53802
20050
46968
31045
17423
53437
21896
36986
36666
18574
53129
27329
46454
32230
25878
53716
21988
54642
24987
46804
32426
22035
51373
21688
47046
30598
20690
51480
23243
48755
28298
20538
56195
20131
54009
27445
45482
35381
22748
55225
19876
53887
26854
40489
34218
19695
51470
24346
37037
44394
21875
59831
20961
60518
22853
58890
24809
54169
28674
29206
39416
18952
27524
39193
19614
50366
34540
51705
35500
53307
33366
56739
32453
63779
24704
54530
26680
39098
32703
18097
58055
27286
59680
27732
63730
24626
65969
22674
66902
21077
56484
24123
48256
27068
17948
48614
22481
21594
64832
43370
47079
54168
33894
56834
31443
52242
29819
45335
34423
20758
54112
22063
63938
25588
69847
31151
64886
65733
29662
60763
23408
53378
24974
44124
43959
51055
36492
59685
31003
66466
23871
69099
24776
55604
20973
49152
25764
21057
64421
35597
55122
50700
38551
50356
36159
58588
30538
53498
30544
51207
31277
43327
37139
20664
69175
46012
42484
58548
35901
70695
24805
57783
21740
52653
24021
44854
43684
60984
30263
67528
22923
69037
22417
65293
21251
54142
22611
51912
27775
53778
37880
68437
25000
69395
15883
58958
17715
12658
66343
25070
58433
21517
54839
23289
47402
30050
21539
67444
53886
39997
67772
27524
69640
44702
40353
26220
49212
20121
49688
31795
30086
58090
67703
30144
72323
62423
33793
60910
24972
53725
25176
55139
36916
73508
55898
42504
67817
26151
68723
29959
52831
22195
55437
22114
65987
26984
72070
62395
34571
72889
53240
43596
59066
27734
49003
29282
44911
48546
68609
29574
70348
63287
31820
72254
44148
43595
25377
50309
20785
68340
27172
69935
60007
35033
71974
48219
48892
55884
30451
50903
29434
44423
47382
66356
28444
69852
46641
46972
55500
33995
54425
30090
47016
33183
27471
50233
18729
51717
28061
14237
53948
20195
32074
47404
20990
58792
21143
52725
26845
46560
35023
44264
40289
25618
47458
20567
6126
35566
24950
19689
45294
34879
31370
48448
21111
54442
24016
45765
29072
18024
60825
23412
63489
24984
67880
25174
66880
43225
47463
46053
35506
22598
53722
21620
54050
24269
50967
39828
67016
27840
70778
53765
39216
52867
30182
43186
33585
19352
69796
35481
56425
55128
35454
61879
27742
66740
24276
57861
22800
49408
27367
22865
63899
39194
50047
52240
36384
53762
33328
42631
40272
22859
52525
20057
49308
24757
15841
61432
20072
60590
25082
59946
26161
59818
26443
59037
27458
49687
27447
19496
51023
21183
44519
39268
28978
46114
19196
62236
25240
63537
21753
43751
27858
13259
37330
33447
18416
47532
26115
18055
63353
22196
65252
23049
65947
29124
60502
46474
43568
42298
35692
16578
51308
25641
42546
44486
43529
43102
53006
36599
59679
28972
61810
24644
49687
29074
22985
48300
20483
45202
37173
45308
42935
54704
32885
55814
32023
58529
28688
50907
29589
22285
47200
18981
30780
51722
37847
49404
41917
44452
37226
46820
20092
60348
18683
49467
27687
28020
46913
19844
62280
24405
61730
25157
63668
24934
62557
23484
58130
24854
51524
28622
40146
36654
19591
62378
23817
61025
24280
59800
25211
58422
26792
57926
27895
52227
29582
37910
36705
18850
57887
25803
45999
33612
34145
48508
28819
55652
22259
59524
21446
54172
25146
42916
32621
18196
62576
23610
67684
28008
66561
61255
32926
71966
39130
47045
21247
52963
21843
57933
33150
71841
38896
57949
66816
28617
70954
38010
44098
19287
52535
22790
50719
39110
64870
27035
71270
38886
55186
63902
29356
58373
24860
47518
28334
18664
67133
23691
54265
19788
59171
25495
49124
33868
34172
47700
20520
53240
22313
52654
30311
43549
35046
18333
54705
21522
57508
32361
69700
25121
68770
31626
48111
19788
52058
24424
49799
40665
66711
27924
70307
45209
48106
65388
27041
57963
25212
49456
27779
28496
61750
63234
31311
71367
50831
46369
67628
24745
58919
24017
51157
26188
40700
49759
64891
30401
72862
52538
42086
68757
26762
59217
20617
50032
25973
30251
56751
53809
39825
68878
27866
69182
52451
38006
48967
32507
26847
46248
20117
52731
32758
60360
29081
69655
26360
68903
44939
44446
47641
35349
34973
40728
19457
67275
24970
68688
37313
53505
52715
38188
64488
26473
56770
25252
45109
30823
20734
68245
48805
44186
63312
23937
52185
32846
54061
32981
47089
32050
20258
49506
22051
42335
42027
30041
54540
38955
49752
53671
35780
54011
33391
46959
32378
22868
49021
21351
43635
37168
22001
63287
48950
42256
56056
31769
58697
30641
55325
27983
45768
30831
18971
66893
24664
65652
47746
44216
63454
29324
67814
29080
56912
23201
56012
23936
53183
26816
43360
42594
51291
37882
58374
31885
63447
27802
59995
26306
56396
24595
61516
27790
65210
26137
64521
26816
61446
19710
60437
22586
55133
26142
46939
30716
22859
59847
24025
61334
24056
61926
23836
61418
21006
59039
23317
52498
28167
38538
34138
18903
51898
30551
46540
35599
25768
52825
21470
54615
25391
49948
33629
50827
35477
50863
32259
43836
42160
41974
43383
36571
49013
40140
46887
36850
48346
29354
50997
23095
55673
23326
58223
27869
59591
27993
62141
25725
63017
24654
63764
24405
57795
23664
45220
29124
15457
66282
24119
68852
46380
46736
64070
28766
70076
39214
48672
23146
52745
21148
58557
28615
63324
25751
69052
26825
67717
53745
38244
53623
30790
48583
34110
42084
38346
20285
70519
54581
39195
70359
32906
64284
46557
38680
42647
38503
25134
68463
51921
33133
55975
38201
72611
50256
47443
54717
30589
50670
31240
49079
42799
67824
23247
66875
23178
69207
41026
51227
46586
36167
32359
43715
19331
57037
27085
64304
27126
72083
35415
56518
38954
45713
19758
55441
24216
59445
27201
57326
22392
67031
29297
72468
67638
32480
72797
56808
33251
55809
28258
68911
32622
71452
71179
48471
56746
76482
55295
37174
53747
30722
64635
34260
74748
72860
45359
55920
43536
35850
11595
53716
28800
51488
31424
45825
36862
45089
50291
74740
60708
40614
75230
53117
37548
52351
31748
49584
42947
64709
22605
70104
50175
52428
76139
54328
38563
55271
30265
62703
33209
75716
73120
57683
48794
76640
54983
37209
55559
31994
59418
28991
76008
66762
38649
74454
74933
45648
46536
44703
39037
25920
67396
71931
59494
48075
76372
65813
35565
66217
38067
47930
37317
61228
75265
63297
41756
74272
70024
35273
61885
44219
41744
44778
52722
73232
57758
44361
75722
67450
32785
63338
24554
58403
22711
68899
30074
59093
20478
61371
18168
45855
31728
17217
62740
22763
56099
24762
58735
28511
61722
30886
63393
26656
50151
20931
6333
36338
25281
19797
51297
31206
47074
34990
33236
46620
20563
64748
24893
65835
35236
56925
58318
36313
70542
27331
58719
24201
58496
24881
58085
23534
73491
57776
41857
73788
56833
40825
59079
27324
54790
27157
58006
34158
71018
44027
51921
61266
30835
68956
27377
58364
23729
57996
23474
70278
43322
53513
65524
29953
71311
52504
40469
49898
32852
35912
42421
22651
67577
40592
50044
52026
38280
64089
27716
67639
29361
58384
24469
56257
22202
65672
28631
67545
45599
39106
39301
51695
53416
37826
41162
31971
15130
49754
28704
46911
42926
60807
30837
66817
27355
68771
54989
40186
61301
27194
55113
23540
44757
43726
63246
30820
69066
43346
51114
61653
32130
61345
24215
54837
26290
58430
32674
66378
24886
69434
52104
43087
65715
29623
60550
24477
57428
23232
62058
25579
65560
29426
68780
57605
36127
64962
27318
57041
24832
54933
28313
62648
29929
71223
55296
41564
67902
30572
66539
47222
40908
47098
37486
49097
44431
67341
32991
66631
58319
36294
66152
28891
60781
26999
55755
23320
65910
31110
62504
31288
54234
32696
57420
53243
37427
51414
33650
42963
34692
20491
64075
30594
63610
57423
36582
72157
42710
54458
54615
32035
48035
31585
38934
54239
71385
47957
55606
73219
53600
46873
62125
26723
54824
24921
59611
33252
75379
62718
37707
74755
68259
34923
62709
35487
48122
21923
72360
61227
35105
61064
24444
68754
22754
66609
22515
55585
23986
55243
28305
54068
31193
52626
32580
50929
31031
52425
41679
72463
39876
48890
32128
47839
22620
74014
66060
34712
74467
71178
33492
69440
54884
32998
50894
30644
56013
39224
74720
62004
37770
75138
67413
34247
63848
27054
54993
23060
73243
63942
38772
73797
70139
42510
64342
59069
30336
55211
26567
58004
34687
73554
56794
40080
72958
48125
50096
57662
29623
53295
28077
57769
34387
69971
28257
69049
66308
34953
70131
50696
37016
47598
34060
43894
50200
70824
46397
55927
70611
38343
62489
57782
31574
53215
28304
55534
36478
71797
45980
52307
68216
31386
67949
47230
39307
46649
37566
53413
42884
70816
31417
64050
62927
32226
71727
39448
47503
30923
50281
21538
70856
37570
52239
47057
45728
71201
44139
56691
61510
29815
58515
25766
72555
55268
43672
72718
56005
43919
68783
33410
59908
45475
43799
43571
39756
35936
56545
59311
33645
68418
41004
57550
58018
33870
58576
27579
69537
47425
51207
63161
32984
69841
52239
42211
51583
35258
53099
31195
52578
36852
63481
30886
67315
47652
46216
56208
34516
56081
30646
54740
28573
50408
35157
52900
35150
53959
32684
49425
34703
48964
39469
56658
33467
60517
24703
59004
28480
62197
28057
66181
25369
64314
33768
56203
42988
43203
45986
39460
45376
45816
58630
33048
66988
29987
66390
47715
43533
48553
36150
49274
35990
46116
40943
44314
46352
70483
42751
58685
69764
36837
59526
47459
38785
49475
46198
72312
47216
50743
69331
47299
58679
60901
28718
58524
25681
72856
55565
45322
75153
62672
38803
74782
57476
35114
59570
30897
66326
42043
51778
48071
39268
60551
38342
75198
57811
33921
52631
29185
55470
37744
72148
46901
50176
63888
28190
69615
27673
55617
24648
58957
25396
72701
62952
37610
73854
69334
34890
69354
50414
37122
51529
34617
52376
34514
70104
48175
57773
76204
63199
38837
64976
29218
56984
29094
70989
75015
57513
45025
76802
69623
39976
61666
48404
37835
57273
42792
76128
71541
47326
58998
70730
22122
53272
22028
16559
53612
23013
72253
47899
43360
58658
39283
75689
69563
37751
61664
37935
44263
22819
72429
63131
33374
69605
22782
70673
66433
33353
60883
25328
58525
23539
74470
57330
40166
74236
60881
41164
74364
55833
36595
55523
29172
53754
30486
64318
34962
73523
69967
42056
64349
59400
30196
58148
26041
73058
52571
47409
74412
63090
40440
74922
58890
33713
57461
27882
72938
58817
45317
76311
70652
45326
62370
61689
28962
58436
24970
70843
48367
52632
72077
56159
47348
76325
58533
35690
57690
28083
69785
36143
63994
56761
31360
49380
34144
25533
50269
17775
55557
28515
51325
29107
39498
44721
47163
43457
57684
33227
53049
27316
9417
5467
1098
962
875
1183
1713
2546
33284
16780
13534
19899
55446
24523
55540
23404
59387
27859
60103
27912
59540
27839
68759
40512
55915
54757
32656
52964
31943
51576
31890
54453
41450
76167
66775
33729
73309
57935
34052
52933
29710
60413
33608
72241
53150
44138
70822
38874
59092
51726
33912
47803
34150
45351
47399
67634
31322
70000
60547
35680
70292
35335
51911
24515
54827
20779
64488
26244
68994
30585
58770
42704
46278
48908
40005
50062
33676
42614
38106
28156
62806
58236
35925
67679
33841
58269
33940
59971
53734
33995
30162
36131
18792
22129
60679
53256
41026
65840
32323
69180
61414
34245
62915
26426
58154
24059
64340
22748
69932
47653
51326
68388
45917
57130
58779
30933
55675
28067
61457
27803
66783
34528
66549
62394
31417
70816
46822
43692
40553
40043
21756
67780
44738
48648
57323
31034
58799
30195
65674
25514
57014
25778
58179
26854
65756
26269
69937
52274
44066
69236
40650
58724
54451
34040
52919
32930
54717
31947
62987
30811
69948
48380
47001
62441
31477
62853
27569
58457
24347
67554
31818
61050
57679
37248
66396
26672
63469
26623
60839
28467
54693
23103
64830
38422
59016
62846
32744
70544
49322
48350
59950
29197
56795
23903
67676
50239
59497
77123
70409
58559
55009
68965
38869
46620
25658
71650
70467
45849
60416
75076
60166
41032
63830
25780
55387
24276
69858
42155
58504
69886
33264
67416
54386
34239
52305
32166
39894
35990
18496
59607
24372
56053
29047
56171
30210
51861
29642
56736
35444
59193
27842
52988
27674
60934
35298
74007
62298
38006
74906
69625
36609
60493
40090
43114
29645
67443
72252
56328
49798
75171
63076
38145
64917
30741
53126
23813
72828
49300
43532
71705
48673
53051
72277
42857
48420
44343
39825
40451
56607
73459
48980
51268
74031
56468
44920
63700
26973
57786
22725
69613
41954
57229
69783
33058
66263
54658
39118
58095
28773
54066
27680
58467
34542
72691
51815
45589
69667
35847
62612
52017
35758
48975
33201
51342
42894
71326
48680
51342
71501
48134
54447
62326
29551
58282
26588
73800
63163
36256
71751
54005
42153
64329
28471
59962
25878
56778
25681
70600
53197
48039
72241
43028
51592
58195
37786
64095
30303
57341
26998
70050
65697
35062
71589
64791
35048
72910
56757
36562
59069
29415
60228
26452
73441
61098
38717
72336
55217
44220
68493
47890
46533
59491
40506
72233
62562
39427
71597
60924
36396
65844
35897
54426
28441
62352
50545
41428
57826
33898
67931
42038
54436
51541
37583
51179
33213
50137
38889
54465
32712
52066
33969
47595
34074
42398
45002
55410
37602
62553
30016
63085
29201
60635
33810
56864
47135
43427
52501
37158
51202
33861
52117
34347
58825
31916
66853
44230
56364
65065
37991
68525
58307
34734
60044
26943
67561
41190
55510
50235
39722
58391
33313
71131
39543
49514
42272
44032
48793
48556
74191
57623
43024
74219
61712
40078
64694
26097
56149
24643
71901
54875
43301
72617
50747
45355
66652
34582
61737
44844
45553
49877
38605
61842
35217
76238
59600
32986
73693
52418
42114
54387
32972
70888
52418
53472
74993
65336
40637
73859
59255
31172
57725
27467
68913
40174
61598
67439
28325
71700
54134
40771
58569
30516
62371
30275
62068
33342
66641
75918
67826
44612
71686
64526
31154
60427
31955
69555
75017
64924
44036
74459
72408
47062
49807
53199
35170
70490
57250
52799
78272
74660
62305
43997
66985
34721
53385
19350
63609
18080
66051
43200
63368
67087
33546
70001
64363
32993
61906
41514
60271
76484
69535
63999
53187
73996
51044
41781
58347
29991
72259
61364
47424
77349
77362
70738
58721
50475
59350
30933
77283
72656
53109
49891
72817
66563
49294
68269
57093
34516
71417
61829
48136
77775
74602
66402
45131
67381
54670
36065
68960
57319
54445
78339
76301
70230
52247
58449
58310
33073
74672
69316
47263
68995
78064
74103
57403
46854
60256
31138
75770
66231
42557
70923
72572
52764
44085
46337
36082
18439
51050
22197
47249
41162
57375
31041
58656
29267
61573
28032
62558
30849
53453
20665
14244
44250
25454
51458
33807
53734
31933
52574
34202
56260
34379
68054
29282
59503
29808
58382
29593
55697
41598
57624
72635
56255
47886
75533
58895
36539
59200
28377
74652
64398
41096
73279
71547
54535
51710
64359
30325
59951
27119
70189
67023
36538
71024
68167
32906
68425
48495
40384
51790
34761
60636
34470
72890
51872
45168
68103
30904
66079
50320
38810
51214
33154
53593
39884
70273
43972
54164
65049
30966
70140
45477
42976
48702
39577
61067
33878
58858
24231
59276
35829
72210
65627
36315
65673
46573
42266
52151
43835
70943
56182
44120
66807
45635
60497
62490
32805
62135
33606
65617
69681
33624
67922
64891
37258
70295
58026
35993
59523
27191
72149
58162
42616
74602
59622
37775
69764
51174
45902
54836
32826
65851
33192
68863
53247
41212
69965
46505
53575
55434
33352
51175
32772
57064
35064
73869
63508
40170
72724
67168
38695
64936
55303
36122
66403
38781
66894
68593
42753
61182
65321
30159
62169
28442
61074
31143
64975
58868
37271
72154
60182
41348
73010
55558
38383
54945
30263
68296
56089
54262
78304
78310
69687
46686
62372
51694
36517
64796
39280
73180
73146
60841
45339
75594
60301
33344
58982
26929
73283
59654
43104
74890
64822
35991
73005
52948
34927
48782
32988
31464
55382
39589
49663
47355
39821
53782
37881
58021
29009
60409
28737
57959
26143
74899
63448
42518
74807
75463
65666
42906
63570
42525
44797
34864
62953
74322
65997
46081
72339
74831
53165
43211
54231
32533
68452
44332
62396
71103
51814
52271
74485
55522
40458
59837
28766
73176
58191
43544
76379
67835
46342
63885
63516
31953
59016
25144
73984
63170
37313
73588
68664
34854
68205
49874
38959
51179
33971
61771
37265
73350
66554
36497
70860
66972
33131
61545
34809
53123
36462
61613
70772
52091
51531
71562
56845
48325
64989
31186
55232
24336
72983
65966
45044
67459
72385
57311
45313
58560
31442
59407
27374
72971
61295
38342
72535
62432
39081
69281
46173
44625
51733
36331
61064
37666
72494
64621
38535
71248
67375
41193
61019
54305
38562
56465
31244
67538
47413
57237
67492
49920
54845
56281
34439
59698
27399
69928
50531
48100
66365
37549
64644
59083
34720
61801
29834
59027
26068
65300
37229
54784
50821
42358
58258
33082
66188
36270
56578
42562
43380
35266
54053
39637
48391
43650
43699
43515
42660
45083
41811
50911
37401
53962
36171
59010
30887
59195
27530
61207
27285
65376
28956
63225
36853
47112
35953
51540
40021
52738
58868
36504
69838
54150
44093
65941
39727
58413
48815
39349
51046
42719
67118
38624
61924
46118
40545
49681
42563
60198
29998
58414
26358
72340
56552
43051
71194
50572
47602
67936
31302
56943
26767
55522
24812
70472
51468
48326
70610
52115
51408
73289
52392
39878
52321
33403
46950
39168
59192
42769
75034
73726
63318
45057
66846
47659
44364
60389
43505
73034
71261
53780
51807
74632
56105
39786
56225
30036
67675
32211
70282
67051
32037
71548
57299
37280
56374
29968
62398
34501
61901
46527
52686
77029
72152
55873
55825
68181
49501
45251
67148
55580
59557
75561
73359
58355
52620
66560
42646
49998
50271
48302
77642
72364
60634
53246
78535
67304
44206
51740
43576
54526
60567
25322
64198
47592
61972
67524
45646
53960
58199
33744
76161
73130
56577
55382
77937
74489
55237
43473
52210
37631
73225
63891
49993
75061
79563
75204
63598
42333
65303
47949
60718
81832
80334
69544
61789
62290
69342
64466
34140
77998
81589
77450
73349
55011
60188
70210
56314
41755
73110
69081
61641
61778
79958
78888
66249
39742
65542
63709
56627
66482
81456
80412
76775
66291
41519
66076
51850
58018
78884
78477
74178
63900
48939
68635
43893
41198
18772
61753
23318
69438
44931
49474
55092
36614
63049
34844
63335
46849
37519
14881
37105
34160
33126
58504
54821
38367
63686
34840
69842
60101
34666
62340
29043
60807
31310
70072
70813
58630
50327
76821
60819
35197
63850
39406
66487
76813
70058
50441
61822
76245
62879
35551
61348
29030
72508
63898
38493
73333
71592
57949
49652
64588
36603
58005
53109
49745
76561
73644
58084
48247
72761
55023
40369
58753
30555
72294
60588
45143
74515
71455
56487
52224
64226
31782
62389
45841
44587
58532
38788
59151
24993
60389
35769
71267
59908
35056
60672
26879
72164
57259
41199
71656
48828
46258
55776
36680
59859
29273
61519
32473
69555
69455
46379
58576
64993
36423
70113
58005
33602
58773
28467
70985
56576
45318
73065
64016
37922
70734
51090
43523
56086
32899
69586
51239
52322
69065
35777
63712
63792
34262
62558
34973
56962
50438
47833
71219
55701
40454
63642
39484
69871
60815
33885
62884
32115
68736
65431
37747
69207
64018
37651
68134
55475
38485
51005
33147
59869
34756
70950
57436
42424
72735
59369
40888
64198
31683
58921
43295
57309
73945
62091
45458
75111
74411
56835
41556
52509
32393
64394
38226
72318
73958
59274
47026
74998
57880
36290
58261
27541
69733
46796
55307
73144
55051
46055
71388
38995
50854
36722
46554
25578
55424
20924
61096
25114
57969
27702
54488
31211
57169
31513
58848
28200
57002
26660
25338
57341
66355
40856
67614
73135
58675
48338
66658
46478
41333
34526
61059
67780
48463
60037
73718
58269
45793
65953
39949
49212
45358
53843
72222
60023
42438
73339
58010
43201
64224
33160
55329
25713
71725
69192
51568
57166
74519
57247
45282
66262
43665
46430
39084
58986
75081
61957
41811
75502
69426
40984
57803
46682
39632
48701
48631
74162
58381
43742
75357
65452
41698
62416
50141
39788
60202
42225
72885
70802
52177
54222
74391
54444
41239
55334
32457
69645
54661
52402
76161
69284
51556
58464
59681
30939
58912
28677
74726
69105
52772
58006
74012
64134
40876
62308
31343
58132
44561
56730
75671
67410
48950
67117
73708
57618
42516
61077
32174
62412
43202
59198
73630
65180
46293
71662
64356
35030
59975
39655
60342
70590
55503
50091
73177
59790
42562
65874
38145
53171
47433
49531
67436
37310
62725
59280
36815
68828
48255
46889
52670
33966
55134
37738
66538
28854
63925
27107
60361
38730
54009
57207
38512
65317
47954
50966
58358
35634
62924
29507
63347
40226
53057
49098
39838
55019
35085
67382
41882
60588
65662
39709
64911
61883
37221
64184
47157
46032
54608
42813
73407
61168
41792
73301
55611
38710
61793
32322
60391
34097
67128
66900
38414
68177
74692
64715
43584
66532
48442
40494
52290
45229
75491
68345
43796
68029
73216
51343
44486
52072
37199
57079
32511
73719
61559
46432
74234
73681
55670
45264
61699
33246
58130
24324
67903
45187
53820
68267
50081
57282
63600
32002
54965
22716
65908
35973
66709
67731
40660
63824
66877
33741
58696
34179
56821
46197
44192
59212
40931
72640
64760
40140
72721
64704
33545
60743
29291
69521
70969
56983
50503
72679
61053
45889
67632
52330
39800
66428
47142
64754
76411
66846
47016
67453
63968
34664
61968
49571
51223
74763
42719
45783
24405
65487
70566
51100
50997
57369
33265
70780
59880
48103
76216
71908
58112
50972
68085
42808
46192
29123
67476
72469
61529
47824
75467
72934
56724
45608
57791
29621
70452
45632
54922
68711
33629
67973
50595
39060
61092
36579
62501
50078
53606
77419
72580
57753
52779
76108
61150
37474
62734
38279
64796
63523
38572
65449
62185
44018
69403
64276
38162
60274
43937
57751
75810
69698
53658
57912
72862
58656
42933
61514
30563
73298
68284
54369
57924
74428
64390
41942
64429
46378
44195
38943
41181
18319
56651
26081
59193
31050
66316
31384
60345
46485
45608
53978
37789
52251
28894
11420
43376
30753
47843
41125
56107
34681
64487
37143
59037
45970
40532
40007
54945
69195
47966
55967
67594
41545
62013
57373
33864
58293
30748
60052
28093
71915
59935
42334
72526
65626
41602
62011
46813
40480
47740
48603
70262
49684
51396
67644
39534
62774
56467
34803
59714
29532
72873
62409
41644
72519
65526
31925
68638
48614
43642
47997
36220
41644
51226
65637
38046
66142
61222
35749
71363
54531
39010
52140
34234
49527
34151
55284
39986
70441
27665
56485
19129
64979
36154
55496
37399
46730
25172
67265
53573
41402
65497
31075
66560
42371
48044
39781
41201
35575
48467
34473
58417
57658
38925
70482
48047
48047
58283
35834
61605
28623
54710
23929
66624
41261
60794
62744
35189
69112
56033
42217
61196
27803
57505
26040
67772
44016
55077
65815
34697
67678
51854
43175
59131
30445
56474
27022
67691
51345
52047
66784
40228
55729
47350
49242
59790
31468
59102
26260
68949
47083
51237
64604
34460
67984
56530
39432
59298
28873
54042
27372
51274
37911
67873
51503
51780
69739
51237
51135
60029
32527
59078
25532
70204
58095
44803
74308
65747
44889
69165
63624
34519
56702
24709
71828
64293
44923
69440
72240
52125
52896
62725
31504
56866
25019
71210
56289
44613
73268
59578
40845
72838
50421
39325
50041
37787
52850
34858
47482
31062
12842
50828
30284
46498
36706
47338
40290
50343
37378
46051
35957
37528
43508
32516
65096
71514
53761
51487
73832
53107
41603
53058
33029
64485
41735
66672
68567
50016
58575
73353
53609
42040
54861
31566
63812
39301
67932
69955
50461
56118
68903
47816
49865
52348
34917
56098
42289
74110
68270
46619
62504
69939
45692
49248
49253
38006
50401
45744
75343
61996
42075
71016
61954
36812
62257
30570
55543
22953
70175
53253
46962
71525
51504
49855
72323
53966
41407
50757
35055
59219
40018
71324
64852
37454
70560
60373
37692
60365
30140
57230
27214
70905
58688
43191
72115
63127
39502
70643
56014
36631
53876
30105
57287
36537
71068
56576
43167
72839
58063
43008
64967
31152
54193
22938
70306
51208
46852
70668
46619
53617
64025
32681
59734
31226
57951
31165
55202
32130
64585
62085
36750
72327
63129
36603
60048
29907
59713
30988
65409
58292
40149
70428
58911
42390
70032
52756
42339
55039
33524
64404
35565
67147
56813
38470
64853
34319
63945
49858
41063
52862
33876
60101
33240
66277
32335
61618
40399
46888
45810
45262
54451
37100
61714
34940
60985
48763
46791
55765
36614
59305
28743
62218
32301
61028
40512
45612
28059
63270
48970
44704
61634
31166
67912
38291
55502
46612
40551
49951
38123
59524
37684
70925
59191
40241
71104
56166
43102
58476
28157
55969
28406
65732
42732
61193
69075
49459
57270
71705
53222
45266
54270
32104
60573
35602
71803
63943
42332
70053
66777
40209
60929
50262
39412
51169
35750
59207
39226
73148
63711
42438
68984
59351
34089
59516
28985
58251
26571
72395
60740
44702
74018
70812
50228
48774
52429
35264
59894
35708
70683
51762
46460
68282
39348
60262
53568
36083
51760
30205
50429
41676
67910
38668
62229
59170
37847
71315
51190
35687
43305
36891
21728
56966
25744
71342
54085
46295
73464
56924
42139
61889
31474
58004
27915
69446
51884
37837
62894
38314
72048
68581
45548
54710
49943
37711
51713
43907
72348
57452
42141
53573
27890
39032
47802
56486
35139
58299
29576
59639
28143
72365
60946
42190
72991
66003
41986
60122
48497
39156
41057
50292
58360
39424
71820
62617
39493
71875
57778
36777
60259
28768
71797
58404
45574
73540
68334
50704
57573
58407
31537
56897
28764
67436
47205
55887
69285
45636
56557
66095
34306
62024
39263
47016
35447
59478
66242
37071
69167
67900
46244
61132
60613
32251
60402
29065
72901
67955
47482
62278
70456
56360
49644
64662
36436
54997
37726
60783
69149
46960
56956
68465
48077
57117
60000
31506
59174
26466
67753
27051
60621
19000
54365
25779
49029
36703
48854
36763
49573
37487
53132
33773
52942
33069
45372
28956
15441
17390
38355
25622
44323
37882
45460
40866
43304
40583
35679
44439
23036
64219
31797
60853
45682
47604
59844
32199
65595
29863
56589
27382
57615
26871
56966
25716
69102
46012
52017
66566
37077
64732
47705
38925
48412
35726
42833
50211
64176
34286
67213
53669
42686
67152
35511
56352
36758
46953
24603
66413
46997
47276
61512
32738
67142
36985
56089
42256
41144
31981
45858
20430
57151
29094
61163
29845
65033
32461
60642
49418
42936
49620
33677
43018
35982
23158
63634
32693
48827
22164
63446
27761
64436
19975
52406
21944
21582
47391
23657
48619
27782
29897
55154
39603
50144
49409
40873
55372
34473
59908
28675
51308
27311
35629
40437
23155
52492
24935
54288
34049
60753
29964
64290
34400
59380
41428
40678
20321
47914
25157
30725
50150
27773
55608
23280
58269
24956
58374
25681
57068
28668
52267
28717
42140
30434
19452
49345
30614
40551
40674
32056
51487
29237
59419
39491
45163
25467
49179
23288
40756
31575
19922
58395
27237
59407
27386
59227
27792
59505
26295
55517
28122
52294
29576
45646
32037
24899
59179
33985
55849
42390
47000
48687
41025
52936
35289
48451
31461
33219
40665
21226
52915
32728
53699
32159
45998
34619
39448
44477
40272
45068
36787
42899
22520
48570
24754
32478
49139
29608
54949
29217
55453
25298
57014
25107
57542
25989
51681
27813
37799
32440
19579
44189
35163
33872
47017
25370
54805
23496
55587
27738
50296
31072
41712
32323
19845
44230
25994
17488
50992
27805
44394
35746
30546
47693
22946
51727
27133
45253
33722
28908
44594
22751
42887
27252
18725
48697
28852
36408
41190
23165
49846
23865
40416
36678
20629
49867
25046
34512
34249
21867
39446
28376
20300
39998
27748
18855
35396
27161
19342
30551
35187
19786
34994
39997
22061
52887
25879
40560
30626
19503
43288
24567
16379
42399
33278
24255
51674
23017
51446
28543
42526
35625
21563
52465
23963
44145
28572
18427
42905
24961
17053
46631
29711
25467
47070
22105
46329
31101
26290
47978
22023
47859
30422
33685
37111
20929
36453
29200
19064
36921
38451
22387
54442
24354
49067
31049
42103
39100
29738
49712
22468
48502
26006
27502
39617
20433
25642
48821
21479
56425
27288
53595
29783
50060
33346
44979
37453
29575
42777
22025
40554
29196
18376
50246
32483
47358
35844
42992
40278
39126
45408
36020
49230
25669
47937
23179
41342
28228
18532
48014
34925
48384
37221
48166
38048
50068
37191
50443
35977
45517
33609
24574
45744
22602
40396
43084
42912
44277
46638
40614
48648
38189
49448
38363
47093
34001
32770
40830
21365
50172
34326
50126
34130
43905
40409
45317
42058
50174
37994
44886
33808
23932
47698
22221
42443
40799
35734
45197
21320
59193
25803
60540
27017
60075
26474
51981
26380
43752
29240
19781
58986
24662
59071
26028
58972
27418
59236
28118
61014
26804
51976
27584
42934
29712
19430
56667
26990
57441
28772
55708
30334
48274
30357
37938
38567
22644
49556
26162
34332
34097
20971
45832
36702
45143
40521
44529
40837
41185
44742
41167
43392
26286
46008
23365
41912
29367
18091
53129
29600
52223
33631
50803
34334
50071
34773
45843
37069
33863
41579
22522
48119
27811
31611
39550
23002
47756
32868
42978
37435
30931
47044
24004
51746
27370
40780
31864
20637
44595
26453
19412
55983
24943
56649
28245
55537
29400
52871
32067
52108
32639
44050
33689
24885
46189
23299
40689
41570
39983
44957
36280
48176
32521
52688
30546
54464
29232
50200
23084
44060
28187
16577
51818
25827
34627
45565
32101
51897
26985
57575
28380
58083
29167
49977
23885
46796
27434
21665
56787
23969
60786
26388
59998
25174
60949
27945
61892
25936
50735
24843
42584
29639
18279
56724
29017
58158
28382
60308
26822
63083
27638
62095
27280
53153
24993
49045
28969
38010
40661
24074
51200
24206
49276
36125
55607
33491
58862
29440
52286
27363
39919
33114
20047
59995
27994
63831
28136
60785
23433
58982
24904
60299
26259
51997
27605
43125
30573
18214
57235
27245
57569
29220
59190
26984
60959
27816
61389
25724
52268
25582
40482
33314
19514
59348
27505
61417
26681
63087
32392
60435
41331
48387
44819
37364
26664
48499
22865
53448
33323
58160
30854
62603
28542
63553
30584
59095
37089
45685
24048
49104
24831
42436
43125
50590
38772
56102
33743
61190
29410
61472
22490
41429
25723
15298
27958
35186
21338
45230
38449
43435
35486
25522
61733
33981
53449
38159
51657
41900
39190
24685
48987
22541
45240
39890
50190
39282
49107
34757
48534
39789
54993
33792
50305
31656
43429
31974
19763
61369
26642
62128
28902
62005
33477
56120
40915
48129
40248
39096
23954
50482
23706
39733
34286
21620
62576
28342
62024
31142
57690
36461
51697
35951
42962
21353
49011
25292
30090
52711
26681
56254
29387
58116
34118
56213
41315
46680
42942
38282
24865
49528
23251
46179
37607
49264
39110
54525
34140
56800
31597
60435
27893
53712
27254
43770
31943
22336
60097
29830
61908
41921
48510
50153
41639
57127
32410
54355
29000
45710
31456
27718
56533
35931
53478
42618
46416
36235
41586
17466
36607
33264
17230
46794
30823
37239
37569
21932
53306
29661
49087
31008
34700
37443
21628
38147
24262
16760
8260
10765
32597
21050
17803
32278
34156
20850
39160
29829
19540
44735
31016
24041
52385
22579
52957
28825
47447
34924
42882
40706
35331
41378
21466
46801
26823
21779
47079
23037
43110
40192
44427
42669
45655
40488
45553
40614
40988
36964
21131
46850
24788
20190
57594
24423
59427
25985
60102
25720
59345
26652
58780
24548
48600
28068
24158
43984
21240
37751
42758
28297
54738
25344
57319
24149
58480
24356
56627
27423
45279
30892
20498
45704
22085
18066
54893
23306
52450
28735
44555
37618
37580
46060
31605
51127
24337
51256
23810
41637
28975
18657
51320
30573
48387
35812
45376
38980
40975
35929
21432
55669
26656
45371
29786
17924
37453
21503
14532
14899
50860
24795
46070
35295
36874
44566
27046
54498
25013
58049
22669
50285
26741
31145
37869
20563
36819
39560
18144
47512
26089
24364
52537
21967
57955
25696
56309
27793
45246
30288
19713
45388
22336
15429
52737
26024
45083
35255
34412
47235
25364
57528
25513
57838
22980
49819
27287
33378
36313
20470
43103
38061
32227
46360
20691
56464
25768
55890
29658
52864
30541
44209
31808
20182
45330
23686
16754
55918
24983
55038
29504
51874
32785
50057
35293
48172
36130
37357
36950
21116
45421
24872
17546
54927
26748
52907
31418
50140
34014
45179
38154
40071
43869
35129
43607
21997
47479
25579
24220
53940
24605
57352
24909
55500
26415
42903
34860
31010
49185
24449
51259
25156
41456
28490
18692
46962
32630
44332
40409
40470
44513
39261
46721
38431
47379
30698
45486
23069
46876
27470
26424
56529
30949
55555
31361
55415
34869
53875
42608
45992
40895
36710
21843
46786
25394
25328
55666
26826
59500
29785
58509
34887
52291
34516
52551
33270
45320
22242
47610
26052
27084
55460
30104
57308
35796
52246
39708
40079
22424
55439
25617
44279
30624
22388
45509
24524
37089
37373
21459
47572
27568
24395
40944
21317
27698
50380
24607
57247
24109
51046
26287
35464
33148
20049
37514
41561
28834
53936
27237
57462
25598
59296
24731
58598
22501
47274
28502
28133
40574
20788
37329
43918
33527
49875
29037
54663
25369
58294
24961
58629
24263
49433
28028
32378
35795
20035
35732
42836
25997
56094
26360
58649
25298
59784
26851
59208
23420
49622
27115
32041
35790
20148
38310
41086
21018
55810
21701
54318
28865
48841
35273
46352
36132
33646
41073
20987
41449
27110
17828
50408
31636
46120
37234
38048
44112
33376
51270
32619
52364
25886
49810
23601
43225
28454
17689
54632
28497
51478
33342
49866
34168
44838
39425
42234
41283
31515
43266
22400
41040
27978
17854
49136
33002
45758
37645
42698
41694
36912
46643
30713
52260
24838
50425
24153
41963
29271
18869
54885
28699
50564
33709
48081
34673
35505
44486
29200
54614
25340
50065
24578
39785
30389
18979
50033
31570
46377
37537
35677
43599
20957
57575
24591
57099
26145
44951
31455
26083
43892
22019
38027
42117
30434
52803
28238
55377
24646
57388
25591
57907
25518
49045
29094
36311
35993
20390
48319
34461
46756
37211
46490
38717
39141
39892
25064
50475
26655
46446
30281
30204
41407
21314
44867
36412
40863
41881
33887
49445
27240
55331
25232
56730
24656
49040
27658
22724
42373
22379
31215
45470
22798
55244
25399
53002
30349
49077
34020
45321
37482
32109
41606
22561
42021
28765
18801
44931
26378
20805
49999
25409
44870
33704
33303
43410
22431
50068
26157
29436
40058
20930
26452
37506
20189
16488
48349
23547
43475
35312
27435
50752
22216
52874
28292
45560
33403
27551
44073
21325
36711
31133
19568
42323
35577
27649
50900
22265
54709
26144
47599
33262
35643
42159
21560
47852
25514
27759
38780
20513
28962
46204
19641
45767
29289
16880
54227
25035
51923
29813
46100
34986
29568
43410
21655
41044
28584
17676
45474
34252
37691
43920
29397
52057
23794
56553
23695
53267
29184
42151
32726
19952
45274
23717
16578
53652
26133
49049
34035
43705
38878
38385
45723
33843
48588
22148
49782
24618
32213
37418
21183
41934
30147
19418
53979
26087
47631
34659
38947
35651
21028
56891
26059
44602
30141
21781
46242
22169
26836
52024
24071
57905
23784
58546
25450
55359
27626
44665
34365
27306
44794
23555
42196
29629
19233
56449
26256
52997
31669
54066
31823
52858
32654
52731
33145
44065
32879
21290
46301
23778
28297
50783
24529
58851
25483
60092
26899
60480
28778
59022
25691
50142
25614
43044
29751
19300
59614
26684
61979
27658
61579
26863
61641
36314
53153
30628
47679
23458
47477
26657
28746
52976
28858
56793
28021
58529
32104
55661
36656
49731
28752
48358
21554
27701
28608
17580
11980
26948
43589
22348
60297
25900
52683
26332
52764
34005
52443
33719
47246
32329
34109
39672
21463
51581
32726
52034
34732
56510
32411
53161
29825
49487
35953
44926
34634
28433
44469
21663
46822
37840
52065
36230
54824
33745
57135
30424
59454
27673
52333
28342
41947
32426
20228
58164
25813
50973
28292
44190
40308
46180
41292
49678
37395
43135
34931
23765
48298
23697
43563
40189
45827
39222
37167
46535
37161
50176
41411
46244
38984
38757
21857
48165
25865
32095
51274
36744
49715
38624
48244
38220
48964
41042
45398
37466
41332
23437
49491
24767
41459
43420
47281
41684
52549
37180
56755
32189
60082
27761
53128
28585
45366
31392
25928
58605
34275
54609
40199
47623
41829
45728
31854
43813
18019
27338
34045
20139
20333
44607
23470
42763
38715
36442
44815
25294
51492
24192
46563
29802
21166
42092
19461
13580
5654
31516
22437
19688
20740
45122
23624
38553
32988
19728
46537
30695
32411
46757
24054
57130
24581
57068
26153
47383
30143
33308
39744
21930
43514
30153
22901
57161
25344
59946
26610
60578
27794
58587
26159
52541
24893
44931
29604
19373
57569
25774
57630
27550
58864
27992
56953
28654
57789
28077
47007
29315
25832
43946
21665
39712
40970
36149
47153
30586
53703
26471
56723
25763
57597
24492
52289
27013
40435
31192
19515
47548
31975
35308
44016
25736
54536
23066
54058
26287
46092
35414
35433
38330
21278
44103
26901
18432
54373
27604
49795
32579
45815
37445
41962
40085
29386
46678
22837
44517
29743
21702
45008
22299
14161
41073
25870
13470
35197
39065
25040
55776
23342
57848
25444
55794
27544
43967
31885
21616
46689
23403
34510
44634
24704
52294
20488
39868
33891
22361
56531
25315
59787
25434
50819
29307
40691
31635
19676
47262
31982
36234
43430
27153
55680
24317
57940
23417
57724
26585
47058
28631
25147
44746
21787
40187
40280
34957
48706
24716
53508
22006
52008
31171
49959
34187
43211
33753
22853
47341
23456
25810
48860
20852
53021
28914
47980
35101
46642
37627
39256
42127
23832
49829
23768
39552
31447
18803
44103
29877
23024
56010
26124
57507
25387
57244
26284
53108
29644
43550
31893
20465
47144
25113
31332
47665
26116
54703
25267
57157
25893
53451
28410
39244
36630
21740
50288
26073
42270
30228
18375
48671
31141
44827
37508
39804
43186
34639
50046
32400
52818
28523
48591
23950
43576
28447
19265
57681
26081
58196
28310
59399
27262
59846
26817
59520
25429
49665
28818
35049
34983
19863
42498
38118
39579
45286
36579
48178
34007
50976
32426
51858
25268
49719
24123
40359
29686
18639
47692
33391
44174
39371
35829
46680
26253
55360
23649
50321
24094
36336
34846
19816
37494
28656
18866
38666
36147
21653
49023
25656
40492
34422
20146
46287
25648
24821
51922
21170
47128
27697
24302
41989
22043
26352
51636
23398
56787
23511
54866
30317
53206
31212
51394
32830
41012
33848
20181
46174
25448
20735
56174
23205
58085
26044
55986
28987
52588
32356
49094
33775
40236
34766
20737
45152
25853
20165
55424
23141
53497
29973
47833
35052
44707
39192
39264
42503
23533
48725
24399
40237
30561
18669
51746
31764
49128
34564
41404
39453
34272
50243
32465
51445
25780
50295
24850
43795
29112
18366
55015
26519
52970
31790
52840
33168
51899
34081
49921
34174
41229
35247
21364
46248
24872
25427
53680
25072
59436
27180
58682
25222
60434
25732
58921
24968
49621
27480
37337
33279
20783
47292
34964
45409
38286
42452
42148
38594
46511
36344
46683
23495
49364
24916
41507
31561
19220
55840
27690
54746
31016
54270
30718
49936
32740
37668
42084
30521
45170
23770
44984
28251
21371
56441
25267
58191
26478
57566
27093
54083
27972
46802
39404
47222
32453
28844
42542
22007
45220
36675
40214
43496
36372
46618
30009
53363
25504
55670
22910
49304
28843
33348
38147
21381
42443
29629
19970
56357
25291
48721
32167
42752
38634
25377
50161
22232
44171
29929
22914
45932
22663
33059
45205
24106
54507
24738
52457
28964
45808
34312
36940
42913
23448
47073
26456
37578
31687
19943
37986
37415
23972
51459
24150
47628
32041
39754
39071
24907
53703
22367
45622
29707
22877
44742
22426
27754
45711
21188
48877
30284
37492
39570
22666
48508
25457
38417
36143
20592
48237
27016
33722
38206
21377
43658
31588
22408
50022
24049
45566
32729
31198
46611
22241
52113
25782
37640
34100
20190
43239
27199
17269
49716
29726
40126
38782
26582
52776
24371
56398
25682
52162
28714
40142
34367
21485
45868
26335
28851
50681
24743
55988
22680
45334
30522
21186
54713
22808
55100
27084
44445
31503
23954
44525
23216
34015
44901
23810
55221
23689
56056
27764
52959
31251
48850
33797
38865
36648
21895
46747
25938
22429
53588
23404
57138
25925
55876
29692
53743
31337
51051
32431
42181
33850
22878
46778
24714
32148
36946
21556
46145
36626
44100
41320
44629
41131
40068
37948
21930
48840
26809
36764
33875
20579
48594
33398
48029
36896
45724
39148
44592
41180
42488
41129
25016
47206
23405
41868
30418
19577
55116
27486
51813
32565
49390
34637
46306
37514
43337
39686
31220
43442
22651
43337
28350
17883
41328
26671
17574
48956
29165
36337
40696
21666
53697
23826
41263
34769
20569
43196
25008
18729
40531
22765
16184
45474
30976
25087
48851
21629
46108
31557
33394
44372
21185
52295
25135
36987
31363
20261
36764
29007
18593
33065
40042
20700
48754
28927
36959
40707
21351
52438
25443
45622
32341
26049
41310